9301,5
9301,4
9301,3
9301,2
9301,1
9301,0
9300,6
9300,5
9300,4
9300,3
9300,2
9300,1
9300,0
9299,6
9299,5
9299,4
9299,3
9299,2
9299,1
9299,0
9298,6
9298,5
9298,4
9298,3
9298,2
9298,1
9298,0
9297,4
9297,3
9297,2
9297,1
9297,0
9296,4
9296,3
9296,2
9296,1
9296,0
9295,4
9295,3
9295,2
9295,1
9295,0
9294,3
9294,2
9294,1
9294,0
9293,3
9293,2
9293,1
9293,0
9292,4
9292,3
9292,2
9292,1
9292,0
9291,4
9291,3
9291,2
9291,1
9291,0
9290,4
9290,3
9290,2
9290,1
9290,0
9289,4
2,10
9289,3
9289,2
9289,1
9289,0
9288,4
9288,3
9288,2
9288,1
9288,0
9287,4
9287,3
9287,2
9287,1
9287,0
9286,4
9286,3
9286,2
9286,1
9286,0
9285,3
9285,2
9285,1
9285,0
9284,4
9284,3
9284,2
9284,1
9284,0
9283,3
9283,2
9283,1
9283,0
9282,3
9282,2
9282,1
9282,0
9281,5
9281,4
9281,3
9281,2
9281,1
9281,0
9280,3
9280,2
9280,1
9280,0
9279,4
9279,3
9279,2
9279,1
9279,0
9278,3
9278,2
9278,1
9278,0
9277,5
2,9
9277,4
9277,3
9277,2
9277,1
9277,0
9276,6
9276,5
9276,4
9276,3
9276,2
9276,1
9276,0
9275,6
9275,5
9275,4
9275,3
9275,2
9275,1
9275,0
9274,6
9274,5
9274,4
9274,3
9274,2
9274,1
9274,0
9273,4
9273,3
9273,2
9273,1
9273,0
9272,4
9272,3
9272,2
9272,1
9272,0
9271,4
9271,3
9271,2
9271,1
9271,0
9270,3
9270,2
9270,1
9270,0
9269,3
9269,2
9269,1
9269,0
9268,4
9268,3
9268,2
9268,1
9268,0
9267,4
9267,3
9267,2
9267,1
9267,0
9266,4
9266,3
9266,2
9266,1
9266,0
9265,4
9265,3
9265,2
9265,1
9265,0
9264,4
9264,3
9264,2
9264,1
9264,0
9263,4
9263,3
9263,2
9263,1
9263,0
9262,4
9262,3
9262,2
9262,1
9262,0
9261,3
9261,2
9261,1
9261,0
9260,4
9260,3
9260,2
9260,1
9260,0
9259,3
9259,2
9259,1
9259,0
9258,3
9258,2
9258,1
9258,0
9257,5
9257,4
9257,3
9257,2
9257,1
9257,0
9256,3
9256,2
9256,1
9256,0
9255,4
9255,3
9255,2
9255,1
9255,0
9254,3
9254,2
9254,1
9254,0
0,310
0,305
0,308
0,307
0,302
0,304
0,303
0,12
0,549
0,10
0,8
0,0
0,416
0,472
0,300
0,392
0,413
0,299
0,533
0,496
0,298
0,510
0,412
0,297
0,504
0,411
0,296
0,330
0,410
0,295
0,495
0,294
0,475
0,409
0,293
0,531
0,419
0,292
0,492
0,329
0,291
0,564
0,405
0,290
0,570
0,530
0,289
0,447
0,491
0,288
0,404
0,287
0,509
0,403
0,286
0,401
0,402
0,285
0,550
0,445
0,284
0,528
0,485
0,283
0,488
0,566
0,282
0,398
0,553
0,281
0,487
0,280
0,414
0,394
0,279
0,393
0,376
0,278
0,391
0,277
0,383
0,388
0,276
0,560
0,520
0,275
0,486
0,387
0,274
0,477
0,386
0,273
0,351
0,385
0,272
0,483
0,444
0,271
0,406
0,384
0,270
0,527
0,423
0,269
0,481
0,480
0,268
0,471
0,381
0,267
0,547
0,501
0,266
0,546
0,265
0,469
0,380
0,264
0,524
0,379
0,263
0,522
0,378
0,262
0,526
0,396
0,261
0,461
0,377
0,260
0,474
0,259
0,557
0,434
0,258
0,516
0,374
0,257
0,334
0,525
0,256
0,368
0,473
0,255
0,422
0,373
0,254
0,372
0,253
0,521
0,371
0,252
0,542
0,467
0,251
0,430
0,370
0,250
0,470
0,431
0,249
0,541
0,420
0,248
0,454
0,367
0,247
0,457
0,468
0,246
0,540
0,515
0,245
0,476
0,366
0,244
0,456
0,365
0,242
0,364
0,369
0,390
0,407
0,408
0,440
0,482
0,484
0,497
0,498
0,503
0,506
0,518
0,552
0,554
0,565
0,573
1,1
2,0
2,1
2,3
2,4
2,6
2,7
3,0
3,3
3,1
2,8
2,5
2,2
1,3
1,0
0,563
0,551
0,508
0,502
0,494
0,479
0,432
0,399
0,322
0,318
0,243
0,9
0,241
0,350
0,363
0,240
0,514
0,465
0,239
0,451
0,362
0,238
0,539
0,452
0,237
0,464
0,236
0,400
0,359
0,235
0,453
0,463
0,234
0,382
0,462
0,233
0,345
0,358
0,232
0,418
0,357
0,231
0,575
0,356
0,230
0,493
0,355
0,229
0,449
0,354
0,228
0,415
0,353
0,227
0,529
0,344
0,226
0,544
0,352
0,225
0,455
0,333
0,224
0,538
0,478
0,223
0,349
0,222
0,537
0,397
0,221
0,562
0,389
0,220
0,348
0,219
0,517
0,347
0,218
0,346
0,217
0,561
0,216
0,450
0,448
0,215
0,548
0,343
0,214
0,555
0,342
0,213
0,319
0,341
0,212
0,574
0,340
0,211
0,572
0,339
0,210
0,568
0,338
0,209
0,512
0,337
0,208
0,511
0,336
0,207
0,446
0,571
0,206
0,429
0,335
0,205
0,443
0,466
0,204
0,442
0,433
0,203
0,559
0,332
0,202
0,558
0,439
0,201
0,556
0,375
0,200
0,569
0,331
0,199
0,438
0,441
0,198
0,437
0,505
0,197
0,543
0,328
0,196
0,535
0,195
0,534
0,459
0,194
0,536
0,327
0,193
0,436
0,326
0,192
0,395
0,325
0,63
0,428
0,324
0,62
0,421
0,323
0,61
0,532
0,321
0,60
0,435
0,427
0,59
0,460
0,320
0,58
0,426
0,458
0,57
0,425
0,499
0,56
0,361
0,317
0,55
0,500
0,519
0,54
0,567
0,424
0,53
0,490
0,316
0,52
0,315
0,51
0,417
0,314
0,50
0,513
0,313
0,49
0,507
0,312
0,48
0,545
0,311
0,47
0,360
0,309
0,46
0,489
0,306
0,45
0,523
0,301
0,6
0,5
0,1
0,11
0,4
0,2
0,3
0,7
